
leg = -32.613
maxI =  0.24107
Tstar =  85
Rinf =  0.89911
    0.24107   85.00000

